1403636581013555456 4.68365 -1.7845 0.920697 0.099524 -0.553298 0.149681 0.813376
1403636583763555584 4.70429 -1.76476 0.778351 0.099678 -0.545651 0.168396 0.814859
1403636584058555648 4.71489 -1.77357 0.669267 0.092627 -0.523602 0.162057 0.831264
1403636584763555584 4.68037 -1.75841 1.05819 0.121312 -0.571203 0.16277 0.795313
1403636586663555328 4.77691 -1.78142 0.857569 0.068304 -0.39936 0.20567 0.890812
1403636587608555520 4.77424 -1.65237 0.859072 0.062201 -0.407936 0.20076 0.888491
1403636588013555456 4.8104 -1.50823 0.857388 0.077977 -0.407011 0.227456 0.881209
1403636589808555520 4.71011 -1.94596 0.866022 0.047874 -0.415357 0.184299 0.889507
1403636590808555520 4.74448 -1.90859 0.870736 0.052239 -0.417173 0.181957 0.888893
1403636591363555328 4.80311 -1.6751 0.854309 0.051648 -0.406854 0.196888 0.890527
1403636591608555520 4.80746 -1.62188 0.835707 0.066313 -0.412662 0.210536 0.883738
1403636591908555520 4.79679 -1.59271 0.831025 0.103502 -0.456005 0.225568 0.854674
1403636593463555584 4.58445 -1.89795 0.822823 -0.033575 -0.441704 0.097838 0.891178
1403636594013555456 4.84055 -1.85451 0.800792 0.04285 -0.427405 0.226226 0.874265
1403636594213555456 4.89185 -1.75396 0.802622 0.086253 -0.422316 0.281832 0.857201
1403636594463555584 4.8731 -1.59712 0.799834 0.121648 -0.418224 0.301197 0.848277
1403636596013555456 4.81977 -1.71379 0.755526 0.062912 -0.435808 0.182855 0.879029
1403636596308555520 4.922 -1.71915 0.761509 0.085164 -0.427679 0.229655 0.870113
1403636596608555520 4.98579 -1.85658 0.796685 0.091759 -0.43875 0.219768 0.866476
1403636597163555328 4.8667 -1.81229 0.789312 0.093892 -0.426667 0.202275 0.876486
1403636598408555520 4.75603 -1.819 0.75223 0.033425 -0.420878 0.089664 0.902056
1403636598713555456 4.70819 -1.7673 0.710645 0.028716 -0.451818 0.078705 0.888172
1403636599058555648 4.62007 -1.71135 0.638901 0.018437 -0.515398 0.066389 0.854179
1403636599363555328 4.57957 -1.69099 0.606573 0.014377 -0.582226 0.066123 0.810209
1403636601263555584 4.56734 -1.67635 0.572066 0.02338 -0.604082 0.085969 0.791927
1403636624463555584 4.57307 -1.67014 0.571735 0.028104 -0.589549 0.095865 0.801532
1403636624663555328 4.58851 -1.65916 0.572132 0.035065 -0.583054 0.097064 0.805852
1403636624863555328 4.61382 -1.63899 0.572021 0.052087 -0.577077 0.0844 0.810648
1403636625058555648 4.64796 -1.62069 0.598344 0.068617 -0.553704 0.0712 0.826826
1403636627663555328 4.63565 -1.52429 0.967 0.045236 -0.574057 0.080736 0.81357
1403636628763555584 4.62395 -1.35731 1.05016 0.067983 -0.574824 0.128383 0.805279
1403636629108555520 4.62414 -1.25799 1.06473 0.088716 -0.554321 0.141442 0.815385
1403636629463555584 4.60272 -1.14295 1.08766 0.101339 -0.563699 0.173978 0.801067
1403636629808555520 4.57877 -1.00214 1.03417 0.134488 -0.539879 0.225764 0.799685
1403636630108555520 4.53837 -0.850376 0.979379 0.166668 -0.531446 0.264498 0.787293
1403636630363555328 4.48593 -0.709696 0.987284 0.181731 -0.54719 0.271619 0.770572
1403636634513555456 2.95063 1.05986 0.833862 0.111173 -0.566011 0.165465 0.799934
1403636634863555328 2.74819 1.24169 0.818564 0.102719 -0.566202 0.144866 0.804909
1403636635213555456 2.55171 1.39831 0.83362 0.092902 -0.559333 0.130239 0.81336
1403636635558555648 2.34251 1.54384 0.826243 0.077264 -0.557143 0.136698 0.815437
1403636636308555520 1.86678 1.95194 1.00772 0.090013 -0.566864 0.134115 0.807826
1403636636663555328 1.65569 2.1593 1.11051 0.109749 -0.585727 0.119849 0.794051
1403636637058555648 1.47388 2.30568 1.10561 0.102702 -0.577234 0.120819 0.801039
1403636637608555520 1.25172 2.41246 1.07226 0.085236 -0.560889 0.125334 0.813898
1403636637963555584 1.09401 2.47374 1.1566 0.084582 -0.568804 0.12201 0.808963
1403636638363555328 0.917791 2.53665 1.14666 0.077469 -0.570214 0.124361 0.808327
1403636638763555584 0.736275 2.62547 1.08742 0.072031 -0.548869 0.126819 0.823088
1403636639108555520 0.535777 2.74444 1.12845 0.057699 -0.565675 0.135104 0.811437
1403636640808555520 -0.346155 3.51241 0.964856 0.060553 -0.576303 0.081449 0.810909
1403636641663555328 -0.610029 3.75195 0.887794 0.05865 -0.577173 0.087697 0.809778
1403636642013555456 -0.683163 3.83785 0.913258 0.066132 -0.579468 0.093756 0.80688
1403636643408555520 -0.834595 4.10718 0.890504 0.088192 -0.566838 0.141485 0.806783
1403636644213555456 -1.04069 4.33776 0.96833 0.08397 -0.543503 0.137677 0.823773
1403636645013555456 -1.36889 4.72582 0.756315 0.09364 -0.566613 0.136359 0.807212
1403636646163555328 -2.04855 5.43738 0.665211 0.09713 -0.56259 0.170981 0.803014
1403636646513555456 -2.29184 5.68865 0.700656 0.15029 -0.573202 0.241725 0.768394
1403636646908555520 -2.49345 5.97645 0.776515 0.183555 -0.560521 0.268997 0.761423
1403636647363555328 -2.66107 6.26876 0.857306 0.179675 -0.551299 0.271307 0.768231
1403636647763555584 -2.76078 6.51174 0.874112 0.175472 -0.564324 0.270987 0.759812
1403636648608555520 -2.73222 6.9953 0.758757 0.274029 -0.518163 0.402688 0.703038
1403636650308555520 -2.38736 7.68522 1.1105 0.330569 -0.491283 0.461072 0.660897
1403636650763555584 -2.22112 7.74013 1.05119 0.367949 -0.442048 0.532894 0.620672
1403636651513555456 -1.97605 7.74347 1.11644 0.374114 -0.442693 0.53228 0.617041
1403636651908555520 -1.84569 7.69671 1.11281 0.376056 -0.460435 0.538986 0.596723
1403636653013555456 -1.27323 7.44102 0.9841 0.445021 -0.33255 0.671301 0.490636
1403636653513555456 -1.00947 7.4598 0.985513 0.461719 -0.353759 0.644826 0.495853
1403636654408555520 -0.653573 7.37265 1.00594 0.470803 -0.346675 0.657766 0.474878
1403636654908555520 -0.493791 7.23349 1.06282 0.486057 -0.302276 0.700245 0.426656
1403636655408555520 -0.368919 7.08957 1.01978 0.510652 -0.308038 0.697387 0.397495
1403636655663555328 -0.322834 6.97327 1.00825 0.50649 -0.286914 0.720618 0.376665
1403636656163555328 -0.210556 6.7115 0.895153 0.513305 -0.241932 0.759173 0.318822
1403636656308555520 -0.166768 6.63321 0.890333 0.514572 -0.231012 0.763457 0.314617
1403636656558555648 -0.076516 6.51175 0.92528 0.514939 -0.226497 0.764518 0.314728
1403636656808555520 0.02407 6.4066 0.959883 0.534945 -0.23727 0.747626 0.314001
1403636657463555584 0.227643 6.05117 0.915421 0.521874 -0.251361 0.752137 0.314255
1403636657663555328 0.284883 5.91499 0.893581 0.513887 -0.248708 0.758028 0.315363
1403636657908555520 0.370724 5.74509 0.846455 0.509367 -0.251479 0.764381 0.305016
1403636658463555584 0.657961 5.33493 0.810343 0.517409 -0.218552 0.764365 0.31666
1403636659108555520 1.00131 4.98661 0.694164 0.541139 -0.218839 0.748412 0.314893
1403636659308555520 1.07643 4.90081 0.634172 0.54159 -0.222244 0.747844 0.313083
1403636659513555456 1.1377 4.81428 0.592581 0.531421 -0.214937 0.754973 0.318452
1403636659763555584 1.19959 4.71883 0.553841 0.537037 -0.215187 0.752229 0.315339
1403636659963555584 1.23482 4.65023 0.498836 0.534033 -0.2114 0.755855 0.314335
1403636660163555328 1.25987 4.58927 0.426965 0.522498 -0.20417 0.765012 0.316334
1403636660408555520 1.29039 4.53797 0.337476 0.506531 -0.195141 0.776256 0.320597
1403636661263555584 1.37795 4.63053 0.027635 0.545966 -0.212124 0.747789 0.312626
1403636661513555456 1.3429 4.68115 -0.054449 0.544693 -0.214908 0.748459 0.311341
1403636662163555328 1.17447 4.76314 -0.057303 0.541756 -0.230617 0.748634 0.304742
1403636662608555520 1.01992 4.75717 -0.05686 0.526734 -0.209837 0.761367 0.3144
1403636662963555584 0.901611 4.76393 -0.119578 0.513939 -0.229104 0.771483 0.296975
1403636663363555328 0.854985 4.75441 -0.184052 0.508906 -0.205246 0.775977 0.311062
1403636663713555456 0.877559 4.79447 -0.282981 0.504372 -0.180404 0.777846 0.328675
1403636664013555456 0.915406 4.93216 -0.342573 0.534329 -0.169976 0.753578 0.343122
1403636664963555584 0.742262 5.63772 -0.489183 0.532254 -0.231538 0.740427 0.338914
1403636665408555520 0.579766 5.95932 -0.455627 0.519578 -0.245837 0.746304 0.335612
1403636665908555520 0.400778 6.30864 -0.37879 0.531803 -0.236035 0.741605 0.333927
1403636666408555520 0.194662 6.62928 -0.358365 0.531191 -0.25013 0.742678 0.322026
1403636667863555328 -0.232381 7.27104 -0.36252 0.506645 -0.245924 0.75366 0.338864
1403636668363555328 -0.301993 7.49358 -0.406798 0.51367 -0.227231 0.753981 0.340623
1403636668763555584 -0.346164 7.70436 -0.503202 0.525393 -0.215573 0.750106 0.338879
1403636669213555456 -0.453338 7.99679 -0.546098 0.539883 -0.22692 0.741272 0.327953
1403636669608555520 -0.618622 8.23266 -0.59463 0.550973 -0.232722 0.733183 0.323601
1403636670013555456 -0.864051 8.40945 -0.621867 0.527256 -0.278402 0.745765 0.297221
1403636673013555456 0.5339 6.16948 -0.022482 0.41384 -0.380383 0.59032 0.579292
1403636675608555520 -0.052789 7.22469 -0.309415 0.37348 -0.431099 0.497189 0.653814
1403636676308555520 -0.452302 7.71547 -0.465461 0.298669 -0.48314 0.408809 0.714324
1403636676908555520 -0.872711 8.05894 -0.534248 0.225554 -0.522761 0.342283 0.747458
1403636677463555584 -1.27437 8.34173 -0.628264 0.240379 -0.544081 0.303483 0.744377
1403636678663555328 -1.85868 8.6245 -0.565434 0.084811 -0.56928 0.123769 0.808343
1403636680463555584 -2.1561 8.50327 -0.29719 -0.011241 -0.589481 -0.111982 0.799904
1403636680908555520 -2.01355 8.2565 -0.261577 -0.048406 -0.574618 -0.073926 0.813642
1403636681363555328 -1.88117 7.95702 -0.298591 -0.043248 -0.572281 -0.077474 0.815245
1403636681808555520 -1.77611 7.65179 -0.288226 -0.045928 -0.581924 -0.08383 0.807606
1403636683763555584 -1.03928 6.25643 -0.25602 -0.059049 -0.573991 -0.079937 0.812809
1403636684213555456 -0.831825 5.94771 -0.237618 -0.065152 -0.57511 -0.085602 0.810972
1403636684713555456 -0.602762 5.63807 -0.187392 -0.07731 -0.583414 -0.084928 0.804014
1403636685713555456 -0.039025 5.13775 -0.213706 -0.05211 -0.575421 -0.086432 0.811606
1403636689108555520 1.46844 3.63965 -0.62974 -0.073779 -0.56572 -0.108597 0.81408
1403636689558555648 1.61008 3.42496 -0.584064 -0.090723 -0.557027 -0.12 0.816757
1403636689908555520 1.66721 3.27187 -0.505548 -0.111564 -0.542847 -0.10372 0.825903
1403636690363555328 1.61795 3.14616 -0.447706 -0.090881 -0.547968 -0.110859 0.824125
1403636690763555584 1.48184 3.07111 -0.394228 -0.124056 -0.555618 -0.086271 0.817596
1403636691108555520 1.32276 3.09958 -0.439485 -0.148262 -0.593076 -0.071055 0.788183
1403636691463555584 1.22328 3.30213 -0.410786 -0.105709 -0.597306 -0.108789 0.787572
1403636692058555648 1.19383 3.73833 -0.255185 -0.100334 -0.582042 -0.120781 0.797857
1403636692558555648 1.23018 4.09585 -0.085162 -0.083749 -0.576113 -0.126552 0.80316
1403636693163555328 1.3097 4.42158 0.191692 -0.069453 -0.566029 -0.132823 0.810646
1403636693808555520 1.3107 4.56482 0.293292 -0.088178 -0.539412 -0.126026 0.827876
1403636694663555328 1.09337 4.6529 0.346485 -0.091784 -0.565942 -0.126484 0.809498
1403636695513555456 0.903711 4.76642 0.322233 -0.083784 -0.572437 -0.118052 0.807069
1403636700058555648 1.19214 3.87414 0.153375 0.207274 -0.533416 0.336648 0.74778
1403636701163555328 1.45315 3.95135 -0.158518 0.24873 -0.503553 0.384458 0.73264
1403636702163555328 1.65775 4.1788 -0.151261 0.279755 -0.502529 0.419038 0.702577
1403636703213555456 1.78037 4.50072 -0.526909 0.302782 -0.48339 0.460905 0.679876
1403636704108555520 1.83623 4.8658 -0.576992 0.301512 -0.491714 0.451659 0.68067
1403636705058555648 1.85873 5.31892 -0.680126 0.289812 -0.450508 0.449153 0.715062
1403636705763555584 1.64368 5.8513 -0.777852 0.302167 -0.471106 0.439935 0.70229
1403636706408555520 1.39144 6.36783 -0.84504 0.305297 -0.488253 0.430388 0.695106
1403636707108555520 1.11654 6.90136 -0.873465 0.309447 -0.474634 0.435558 0.699468
1403636708663555328 0.188757 8.14539 -0.864788 0.294804 -0.502599 0.444429 0.680424
1403636709363555328 -0.09235 8.62902 -0.926468 0.329108 -0.480285 0.439482 0.68401
1403636710013555456 -0.450618 8.88118 -0.971479 0.324982 -0.476567 0.435865 0.690864
1403636711263555584 -1.26721 9.11597 -1.18146 0.262119 -0.522499 0.336094 0.738464
1403636711863555328 -1.57276 9.0487 -1.15012 0.264533 -0.542007 0.338892 0.722084
1403636712513555456 -1.77235 8.77885 -0.987741 0.243494 -0.545032 0.311194 0.73947
1403636713908555520 -1.72465 7.78921 -0.559259 0.197069 -0.54684 0.313896 0.750733
1403636714713555456 -1.45382 7.28773 -0.509651 0.186405 -0.530031 0.300366 0.770781
1403636716808555520 -0.903302 6.70519 -0.333762 0.133245 -0.566202 0.195508 0.789582
1403636717863555328 -0.469427 6.3892 -0.343074 0.085769 -0.57285 0.085592 0.810655
1403636718863555328 -0.139443 5.77675 -0.444758 -0.02541 -0.574165 -0.009237 0.818294
1403636719558555648 0.063703 5.43006 -0.522112 -0.019783 -0.591973 -0.016729 0.805541
1403636720308555520 0.355185 5.13523 -0.572394 -0.015914 -0.575792 -0.0016 0.81744
1403636721013555456 0.581371 4.96819 -0.610348 -0.003632 -0.57691 0.01941 0.81657
1403636723163555328 1.2879 4.75669 -0.650412 0.066083 -0.57649 0.100371 0.808219
1403636724308555520 1.69419 4.5078 -0.631794 0.119882 -0.553921 0.181123 0.803746
1403636728363555328 2.50816 3.86231 0.186279 0.14504 -0.566015 0.195996 0.787512
1403636729558555648 2.83439 3.39495 0.245966 0.102532 -0.576698 0.138058 0.798653
1403636730763555584 3.21891 2.85045 0.28495 0.09133 -0.549108 0.143044 0.818339
1403636732308555520 3.3818 2.63127 0.206043 0.092431 -0.576413 0.14233 0.799342
1403636734763555584 4.1716 1.74255 0.457721 0.087288 -0.563705 0.128252 0.811276
1403636735763555584 4.37403 1.35978 0.550676 0.089687 -0.563294 0.141202 0.809147
1403636737108555520 4.46553 0.979287 0.706699 0.061113 -0.579189 0.082094 0.808744
1403636737863555328 4.5326 0.691881 0.715919 0.0329 -0.566887 0.086922 0.818536
1403636739213555456 4.53047 0.628305 0.828573 0.128919 -0.561888 0.231676 0.78358
1403636740163555328 4.59541 0.825592 0.665726 0.220929 -0.531823 0.320375 0.752142
1403636741058555648 4.66763 0.957389 0.404941 0.224662 -0.537406 0.298275 0.756149
1403636741863555328 4.75922 0.992763 0.093588 0.22347 -0.522101 0.332288 0.753032
1403636742963555584 4.72598 1.11663 -0.106165 0.212352 -0.542446 0.312792 0.750213
1403636743963555584 4.59356 1.40013 -0.387321 0.234948 -0.527627 0.341668 0.741399
1403636744808555520 4.43224 1.69296 -0.920736 0.243832 -0.538291 0.365541 0.719145
1403636745663555328 4.41994 1.92867 -1.27046 0.245003 -0.534295 0.347524 0.730568
1403636746663555328 4.34398 1.94897 -1.13553 0.256768 -0.510903 0.373973 0.730205
1403636747763555584 4.1152 1.90192 -0.982821 0.260231 -0.511354 0.371376 0.729984
1403636750863555328 3.84257 1.95076 -0.176506 0.259211 -0.520825 0.362293 0.728214
1403636752463555584 3.84293 1.76316 0.508777 0.223008 -0.539077 0.322094 0.745603
1403636753608555520 3.80064 1.71251 0.667875 0.091309 -0.571961 0.114714 0.807072
1403636755058555648 3.85315 1.19451 0.753652 0.055687 -0.584772 0.057193 0.807262
1403636756013555456 4.02482 0.592526 0.808756 0.045478 -0.577684 0.056777 0.813013
1403636756963555584 4.18792 -0.073558 0.870551 0.040091 -0.585526 0.050848 0.808064
1403636759363555328 4.5052 -1.61694 0.932429 -0.026454 -0.586329 0.047399 0.808254
1403636760808555520 4.64569 -1.70666 0.715754 0.01653 -0.571711 0.012361 0.820196
1403636762013555456 4.62556 -1.85629 0.660622 0.003463 -0.582403 0.022559 0.812582
